  User 1    User 2      Dist.Jac

0.4
  328.0000  788.0000    0.3270
  408.0000  898.0000    0.1613
  489.0000  587.0000    0.3701

  328.0000  788.0000    0.3560
  408.0000  898.0000    0.1640
  489.0000  587.0000    0.3760

0.7
  408.0000  544.0000    0.6512
  408.0000  740.0000    0.6944
  408.0000  772.0000    0.6667
  408.0000  808.0000    0.6842
  408.0000  820.0000    0.6286
  408.0000  827.0000    0.6905
  408.0000  841.0000    0.6818
  408.0000  856.0000    0.6410
  408.0000  898.0000    0.1613

  408.0000  544.0000    0.6427
  408.0000  740.0000    0.6987
  408.0000  772.0000    0.6627
  408.0000  808.0000    0.6813
  408.0000  820.0000    0.6240
  408.0000  841.0000    0.6773
  408.0000  856.0000    0.6460
  408.0000  898.0000    0.1640
